   0.0000000000000000     
   4.6970284473091244     
   16.141475849310805     
   28.885396348303818     
   32.657738164010716     
   35.579914058123506     
   35.350497812783424     
   38.441358203355769     
   38.483900635458980     
   37.244226574982342     
   38.143058232216461     
   33.321035202225183     
   30.591281029095050     
   35.758183329433983     
   39.494271508220066     
   42.357185098652572     
   37.333294615971873     
   40.974022582824482     
   48.736178085918702     
   48.836868641383163     
   44.851647465426467     
   45.512407161810771     
   41.974245336091663     
   48.794171738311569     
   44.518040191035801     
   51.039643922592738     
   47.674905561147270     
   37.984317391801731     
   47.328029926999932     
   45.536739352460991     
   48.834561235917064     
   52.251116026646166     
   45.748507489760257     
   44.459532680183919     
   43.958953510596196     
   49.142655098075906     
   45.483028290088711     
   48.653766485171602     
   43.988987809311752     
   47.657118759555679     
   41.675105947911220     
   41.854330676627157     
   43.345429258354521     
   42.524464879066869     
   42.035271897718658     
   51.386652894633826     
   53.926651450462423     
   42.002044100131961     
   44.355856589858782     
   44.709983620942261     
   50.767190825654659     
   48.490381033475153     
   61.900747359553897     
   51.019998861519802     
   50.138206004818677     
   52.951837139938831     
   54.530682298057414     
   49.583478877270096     
   43.242931451135590     
   47.859821040844899     
   45.978019637857727     
   40.639522716612433     
   45.086043017065315     
   51.691713592826794     
   49.796781323978010     
   48.575603177379200     
   43.127997451253130     
   43.986497557170118     
   41.416347372529280     
   43.527784324108204     
   47.086670430237547     
   43.671234848990657     
   40.945214631134881     
   44.802311706815878     
   40.290835777298170     
   44.676085166683514     
   45.575327369943345     
   49.825855769672756     
   43.886759610054625     
   47.430715466094718     
   47.798410114950251     
   47.922809152936843     
   49.744871860537899     
   55.569583042179730     
   62.801587087268942     
   55.324934874607969     
   45.142315002651735     
   37.694432002222506     
   41.951191287417828     
   37.320430941058383     
   36.519594096442383     
   43.090025573485399     
   41.468894540559923     
   39.390943692440409     
   44.308922049417646     
   52.841098852172166     
   49.893401730362946     
   43.359587191713189     
   43.747796452537386     
   27.639661902267445     
   30.354481221956767     
   39.250041092698339     
   36.297162346245365     
   35.207579267751747     
   29.064755825034247     
   37.915079645791877     
   39.733005180624843     
   37.905414172313513     
   43.944296862766237     
   48.154409977134115     
   46.828804233235822     
   52.956622622247728     
   53.978386056515284     
   51.572467905986279     
   54.745769708957660     
   48.776678135898720     
   45.771364978361909     
   41.431312968045368     
   43.118508095097603     
   57.978810260365215     
   51.596324549116758     
   55.227741262015236     
   56.572612523127120     
   52.532549624587560     
   50.335184434298768     
   48.886668555866592     
   51.310556439891485     
   46.261146801941983     
   61.882657747804444     
   54.166480566832668     
   55.461632387035870     
   48.275170433943892     
   58.004782791112262     
   50.807694195934211     
   43.842141130171129     
   46.043924038182610     
   48.246541519828014     
   52.475877409359150     
   56.565003840696853     
   44.666429917422533     
   39.252022282290262     
   55.135971219760734     
   54.983592626710632     
   52.501184766356218     
   59.583632896401049     
   69.030393779577523     
   59.622948951454788     
   45.397883131340784     
   54.046326783363497     
   52.991431927971945     
   56.068530064280985     
   43.985141758074384     
   46.849478847859125     
   45.860829802956744     
   52.795894138224575     
   48.656316902425289     
   64.062480702241416     
   59.290152311324221     
   54.473453256320404     
   59.540832741795349     
   54.049591664365934     
   50.993964151869143     
   54.484414311854579     
   48.200449726917086     
   38.853993404735554     
   50.860639587693981     
   45.309571814785059     
   51.692947441579918     
   54.172341578062728     
   49.008133062227344     
   49.993202690764718     
   58.965597398545796     
   57.416230495516253     
   58.617900508931918     
   59.340468099374917     
   60.083833614485691     
   60.008811102554752     
   49.459847543425170     
   52.941900063408198     
   56.937162510954643     
   50.298029689779284     
   49.549873398095528     
   51.390514458723906     
   52.200586758354241     
   48.138162145189639     
   50.365358848061746     
   46.984922084592910     
   51.209101286509480     
   51.772715794245791     
   54.795341578103965     
   60.088954602281163     
   51.615214898502877     
   49.112315758566368     
   48.214015844604099     
   52.665765492070925     
   49.316304123793230     
   51.624814737847210     
   51.970085841164199     
   49.135649198674976     
   51.706652235845070     
   47.393244219482845     
   45.676998857502539     
   41.028817589035512     
   41.022836940462554     
   43.134516702129154     
   40.170379501073192     
   39.275728491094789     
   49.495297943121741     
   56.270226871562620     
   45.367961834401399     
   47.571510020606581     
   45.906360813967275     
   41.585358059408946     
   46.593091491652643     
   47.154433159087610     
   43.128166830020753     
   42.957257385785759     
   53.520761313167810     
   50.419273063435703     
   54.244201747487814     
   56.510310693268181     
   54.134739575124080     
   56.123700859737063     
   49.036071020279934     
   40.751501791890682     
   52.209600905396158     
   61.039669211018847     
   50.158174836375395     
   52.511093430253503     
   55.787303278532562     
   59.120579857577724     
   56.212978469586943     
   54.357635840648065     
   49.305336695855949     
   51.507776455284755     
   59.597294860354843     
   50.994785589964145     
   44.395823781171828     
   57.395955754109522     
   60.807113585977696     
   54.767056476318899     
   57.583446838655597     
   62.235083156019911     
   55.410033877877268     
   47.937506737172491     
   53.833983237041487     
   46.964239099772513     
   50.225556531113419     
   54.487739271236407     
   52.600285264436394     
   47.924658343620095     
   47.537907521358107     
   45.156038776918557     
   45.169016891764720     
   52.069791318114319     
   57.954515314919981     
   64.057624065268016     
   51.262745595069994     
   55.226823513896875     
   56.529283962957777     
   45.553635667574476     
   56.022966080337497     
   47.734328329844523     
   47.418642356868503     
   42.220671572102695     
   51.505079230970374     
   49.482454196849453     
   45.841975878669722     
   55.226705265517460     
   46.302180063083156     
   48.659963555161362     
   53.410949070923387     
   46.425495538498318     
   43.174142375624328     
   52.713431904418741     
   45.201672039130294     
   42.922143733095758     
   44.100963678352244     
   55.409262495737138     
   58.540323323234837     
   50.386800766927074     
   54.993174381592901     
   56.365859292789175     
   54.486475271630994     
   64.972069166503715     
   59.952068905938916     
   59.065998886051716     
   64.714621332077300     
   68.503108849123109     
   62.422526932551122     
   59.355252993732776     
   54.942563967826274     
   52.699514572164126     
   64.582284923387789     
   61.641648782395684     
   57.718485058638784     
   57.580186765862400     
   50.934397218717692     
   56.773020934056703     
   46.701004708163261     
   42.512731716162868     
   42.206019827052465     
   43.898516592119542     
   41.987401127384651     
   42.312788637810378     
   38.244361770940742     
   30.852843624422366     
   34.986951695056170     
   48.828236285597882     
   54.330720878166034     
   62.299507535235314     
   62.986896417120683     
   59.894021357639680     
   59.660803059506193     
   50.983735039988545     
   50.194548240156394     
   50.302988241180330     
   46.881479793535682     
   46.095112357699897     
   52.946192827966883     
   57.098624179369587     
   50.350649096153710     
   45.707238447957721     
   46.994553574296006     
   51.820747952233098     
   49.334379631116903     
   50.486837222467763     
   47.836945552162845     
   59.167370711537991     
   53.319285918146100     
   46.589110983563444     
   55.563545994976366     
   48.805129285787736     
   50.700780996983148     
   60.889171607014866     
   50.411051127740102     
   52.329847916239864     
   47.387724740109853     
   52.392256773904997     
   56.091767199747530     
   70.646381976489522     
   55.219385535508465     
   53.658502549999049     
   53.791076160891571     
   48.991993458230276     
   49.534047156236539     
   45.467697318519129     
   46.809601140764734     
   50.208673237984293     
   55.339964230685496     
   64.064785614332365     
   59.963685169549557     
   59.120502970699427     
   65.654027931356410     
   58.826692607284485     
   52.515586952429196     
   52.298578667872732     
   56.502889377091023     
   47.417709690510300     
   44.467550890702313     
   46.680377729964121     
   50.944698288205551     
   48.137579207193106     
   45.709705724313487     
   50.623319176336402     
   50.184361905778189     
   51.158017767931582     
   45.731950528450341     
   46.986050909577223     
   41.772062070566193     
   46.226052438824482     
   47.606397393698373     
   40.992513785037694     
   45.876907038576682     
   34.268651016033395     
   36.939331242542330     
   35.048351861007433     
   38.496636841170869     
   37.810490330263427     
   38.944882420521942     
   38.539260814091122     
   43.308351456213323     
   38.135919897757503     
   42.779907097160006     
   48.164817190494908     
   48.724695820380624     
   50.013489539634982     
   46.985232540004041     
   46.337366075715344     
   43.743217376928470     
   51.347341162597708     
   49.578822072070224     
   46.466507727671917     
   49.842620478721891     
   49.008623455436336     
   47.833242168843213     
   43.027722838792236     
   49.002089196094083     
   47.007915141359142     
   46.646113887655474     
   49.160412950605284     
   47.709048144970843     
   45.871184725830574     
   51.336280444038294     
   52.482895976149116     
   46.898948155947998     
   46.912297419724524     
   60.667186068005208     
   45.888080923790369     
   57.296662387038104     
   52.792061753966365     
   54.147064810195921     
   61.507397286435342     
   57.315570390280548     
   68.928107551536201     
   60.277263226627618     
   62.931526917636170     
   54.661223666829422     
   47.155923598572485     
   49.526446799040372     
   47.409825622710315     
   47.687463872544249     
   48.008932155942247     
   60.302270134785402     
   64.603381977839234     
   50.897181545317508     
   52.657650565049529     
   59.858110017302927     
   64.443225529144399     
   53.829719495337748     
   57.993536867821490     
   47.351888741661668     
   45.561824882038977     
   51.364789513981044     
   46.560571790308622     
   45.239790242924734     
   48.228153218770338     
   52.966050543601824     
   53.168503274479534     
   52.730925650886803     
   55.264610777944455     
   57.647688032177740     
   48.531357952303487     
   53.731975500579203     
   44.582751477309287     
   56.617509784660541     
   57.639342369170379     
   60.546965712667713     
   63.974106723839569     
   58.654233364376694     
   61.547645208832400     
   63.473371897052097     
   60.708090738311917     
   57.240015570792096     
   55.429270504758755     
   60.971653932894078     
   56.372098656673252     
   49.589119551847695     
   43.711675558163840     
   43.311040599549550     
   49.368759028914191     
   45.609965904664932     
   50.294081462498930     
   52.577291589836442     
   47.354911698152812     
   48.177746379295002     
   37.570119016857532     
   42.422788562908295     
   48.339811265284197     
   49.177679736418966     
   53.976687403084100     
   56.829201387702689     
   50.973586200867757     
   45.756863992304929     
   47.774514063551173     
   44.825001469955950     
   40.966727399774641     
   49.079031095961732     
   47.034772083065938     
   42.243236713126500     
   48.578187776977174     
   41.121821999286723     
   36.160636585931549     
   34.614034315090500     
   37.944720216958714     
   47.232318522210981     
   40.591526507526751     
   56.047638105890726     
   49.905084751180254     
   48.229897067397935     
   53.179365705165146     
   46.154054774847921     
   36.176841813256679     
   37.472277565613481     
   36.637858795618364     
   46.333601822147095     
   46.313248025014204     
   44.370440782736743     
   48.626910617876256     
   46.653718669632511     
   42.188713209562493     
