   364.86456428426987     
   224.47431448337662     
   160.51220962779303     
   128.16703200664588     
   97.773823477956626     
   58.863806632908542     
   46.870432857341953     
   45.952553393095229     
   47.232725073820063     
   52.129006038814623     
   58.425806680626415     
   57.590942528730530     
   58.224855700519193     
   52.363587161886308     
   50.677467807979760     
   45.124659404540033     
   38.992703726369847     
   43.078677687660260     
   49.693646643742802     
   48.491482870501486     
   43.310521520784796     
   44.964942578493627     
   46.924667037330160     
   51.142713777431759     
   51.802507906636528     
   57.985620123963407     
   46.642597292461048     
   51.647549154773976     
   49.277865756636423     
   50.539321600206875     
   55.042565273348266     
   57.886156642626872     
   47.264937524009483     
   46.080525861393731     
   52.036384881604050     
   41.699836399652028     
   46.978618798263689     
   52.507809241452144     
   52.873026732142669     
   53.962999900994838     
   38.904260353954406     
   34.495617683297773     
   46.858435176493501     
   60.167873821556576     
   54.533264246915728     
   42.258813610566335     
   49.458609795304262     
   51.984799200409007     
   55.332502120338454     
   48.754316290360443     
   43.768173623431025     
   48.330490920748268     
   49.201338783840036     
   46.181833948594210     
   47.285120463074172     
   51.103709252658199     
   53.951371099420285     
   50.734021260452202     
   54.907316068533319     
   55.756890779409844     
   41.962730392364683     
   35.039843219450098     
   35.502032918757322     
   30.161394768579395     
   34.455736828463458     
   38.587617882581426     
   32.343619841893748     
   40.553820631219551     
   49.632608309379357     
   51.431657062933184     
   57.468876269383642     
   56.945844892828710     
   59.722221588443510     
   56.799151204299811     
   55.255531738911543     
   43.632416005683346     
   40.191940021332989     
   47.184924206516364     
   37.537233086148873     
   34.286415149203926     
   41.104156494075376     
   43.066460419565026     
   46.281045201853637     
   39.989515043080104     
   44.276293607397399     
   44.040585291331553     
   50.468519372072940     
   55.305354548676881     
   52.375917008846727     
   43.337518835905307     
   46.325632891276456     
   48.299348203291537     
   59.856654961381047     
   53.054334923935045     
   53.565039031797369     
   52.302867315379146     
   53.129533523681147     
   43.213032738832595     
   54.830256922012836     
   53.351182594910171     
   54.797889618017308     
   56.990132388332356     
   50.149359234962098     
   53.535870834515165     
   54.470513946070930     
   49.554504071929031     
   54.358453764370410     
   56.939428248731062     
   51.460649066865685     
   56.201348374562130     
   54.885345166240732     
   47.642405571307798     
   53.231683439055075     
   50.226923771532604     
   45.869012097487115     
   52.789262213967817     
   50.374452262339133     
   61.960738157905226     
   63.243322964779175     
   65.019641155130358     
   61.085357646041082     
   57.883288574335552     
   56.536603879949048     
   56.168668463304073     
   49.301101186103381     
   55.955555491020831     
   54.277738405093686     
   59.681244459233397     
   54.199773232452195     
   58.090153282243627     
   49.019802393329172     
   43.725103665697475     
   48.619382469752345     
   53.566520381733021     
   57.494093571975050     
   52.562839426282892     
   43.501972139542488     
   49.070552499805103     
   58.390240066110167     
   49.834810772324126     
   50.800127786373977     
   53.655720908245598     
   46.171849460491593     
   55.891714581795057     
   55.837636336770558     
   53.174153231926880     
   55.890965765520264     
   62.871888233444231     
   73.904445154193851     
   65.619919234432530     
   63.265772504614539     
   62.743723971927992     
   64.724029208429315     
   63.958847383278155     
   72.287034341614273     
   76.439874024834140     
   78.312760790200443     
   67.445528347469832     
   62.332096444576088     
   62.546271012784118     
   60.323653656425705     
   61.320033666669993     
   61.626475625132365     
   57.738926292794169     
   57.693883385115335     
   57.948828447569255     
   52.481873484026138     
   59.437030091077020     
   62.082440025549069     
   64.271934337310739     
   54.824205459742302     
   50.734161109705319     
   52.248211688426899     
   58.848146921842812     
   57.584859386542277     
   60.521553550304873     
   60.816611075591148     
   59.060767903644155     
   55.450359727967978     
   48.413375186868642     
   45.367846932742829     
   49.784970613336021     
   47.917786797710782     
   49.076834609587351     
   59.914658801978028     
   49.384471640401259     
   44.092234140474837     
   41.112398804357106     
   43.855813709993726     
   50.290266694335109     
   46.861439133680662     
   51.319944382075768     
   42.002448469154054     
   48.286542539097738     
   45.832670328559018     
   53.898872005783339     
   46.547773994456172     
   46.274583847490263     
   42.014740612709403     
   49.610289881895511     
   52.346066251965226     
   49.089679453967541     
   59.479072982714847     
   49.928108714264930     
   51.781162880610211     
   41.301228624966235     
   51.960986966006303     
   46.820291823749479     
   46.110788806061933     
   54.086594470811477     
   58.680009851035358     
   55.532663360718594     
   52.944724409483619     
   60.224947853668830     
   58.468572750519662     
   69.241611730418981     
   67.572011453354335     
   66.514911287836355     
   62.376929424068820     
   67.561495414202270     
   63.132510427328221     
   54.820281958325893     
   54.907357874346587     
   62.516774522438979     
   54.414965453289433     
   60.525950576605560     
   50.487313056282822     
   60.144633584199156     
   59.500580785635250     
   50.134836451414365     
   57.336622113848470     
   45.910470639787746     
   48.004303658900078     
   55.875363994725895     
   58.366563268477030     
   52.552516935656634     
   67.652490062043881     
   60.587410147046448     
   54.348179738988108     
   50.813083703640494     
   52.215038801383855     
   44.089709960149470     
   49.127033176872914     
   46.297090145205921     
   49.682396503953981     
   54.219690204012757     
   55.313191829853707     
   52.447104872961013     
   51.642152809732600     
   48.072200556955444     
   40.605303796688858     
   48.179837757320556     
   47.837223696287431     
   56.359085577345965     
   53.183585929517236     
   48.607214334603086     
   42.171542017282363     
   51.894361384695252     
   59.228986333447061     
   63.727922093243819     
   58.547416333723682     
   51.427339607198370     
   58.894516738722061     
   49.830364229679518     
   36.419438220797929     
   47.075798653222520     
   50.429064399413086     
   46.302968532788995     
   42.652537611782591     
   41.783197749492302     
   41.470951757571427     
   49.981462893103711     
   48.373136791018716     
   43.637252616057083     
   47.943371031374141     
   54.836158891453245     
   60.290745163444470     
   51.583435130757302     
   57.588154662506902     
   63.650351058094515     
   54.037436240275227     
   60.805288510006456     
   51.428778201490395     
   54.539922309223968     
   55.624723668320605     
   51.478715188946857     
   54.432252610426850     
   51.914278800213225     
   44.296593986611931     
   48.819065026611064     
   48.459996098969903     
   51.824202969200265     
   47.309165479074551     
   40.892753618357538     
   42.081652736757157     
   40.882580038361326     
   46.280348723332459     
   47.612546690802517     
   60.983549608307733     
   51.183260310633294     
   44.764385374848146     
   49.332391813685433     
   51.199613468916134     
   50.229151953644561     
   43.862886537566887     
   40.791099898124450     
   44.278632394559786     
   50.882035737637729     
   43.169186302216445     
   41.127728903921586     
   52.357297522761471     
   40.441144930462769     
   49.595122659665314     
   53.679619396083510     
   53.401126524478968     
   55.039660211553034     
   53.048888262764734     
   47.225812615259464     
   51.103521355527967     
   54.309503877009583     
   48.091185139717311     
   51.367540240739118     
   46.668701226930338     
   45.074946184659289     
   41.788525059775367     
   45.893545062478474     
   46.800219136011179     
   46.565857042963799     
   48.795424006967806     
   49.937824527330164     
   41.015793361073186     
   39.085366815557336     
   39.811205839450302     
   39.347235591701832     
   46.136592293096655     
   45.786973541744082     
   52.849431316404107     
   55.732978228230984     
   53.563774068949471     
   58.752996906289745     
   51.827873621075852     
   45.689696991429891     
   41.708024993784399     
   49.159891283812705     
   49.333863177684840     
   40.565379747169359     
   42.099290404433006     
   40.273239890610647     
   37.279927858795077     
   47.205589901725368     
   48.291601639181437     
   46.294137421725601     
   45.484719941907606     
   36.885420124710400     
   40.161351417715188     
   48.339546969265683     
   46.871674102729799     
   57.525871457458379     
   60.153853812913304     
   47.938302950450904     
   45.034952280047996     
   50.913807539224941     
   49.406388997167092     
   44.954184445666250     
   51.227501637609080     
   53.567648879830791     
   47.052792068618096     
   50.938374044253138     
   51.304340278590772     
   49.310380716842900     
   49.508666642129576     
   58.173283461649170     
   56.964886974349241     
   41.013348949544067     
   37.597228140475345     
   46.285639358039568     
   38.120578144747149     
   52.445376870068593     
   53.665249260698850     
   50.274291818131751     
   52.148733227271116     
   49.596530367133091     
   51.760036396017483     
   50.880400204006882     
   45.056779045206291     
   41.448673307433602     
   45.776963297305642     
   43.534037413445695     
   44.884311586657304     
   50.577759407049463     
   51.149881346539217     
   50.070932016333678     
   52.426637464849129     
   51.858772279783580     
   50.033849182349172     
   47.863116825115071     
   54.834234213635490     
   56.464866667368504     
   54.779802980750013     
   53.758459332561870     
   69.478474202663236     
   54.470322362579168     
   56.677161362226464     
   43.624951020966726     
   45.432512261966330     
   42.851687248316011     
   46.000551993136291     
   49.675627115315564     
   52.411719479783486     
   51.575188360273032     
   53.584860727142839     
   48.004703190345822     
   45.900357232218965     
   43.789270966860052     
   47.504142835202991     
   51.740175413923879     
   49.201664025515278     
   52.738424333485007     
   50.289001264445453     
   54.207158541482919     
   46.534428051149412     
   44.670076885515400     
   44.751612704111359     
   44.365776926471639     
   41.331459315286956     
   45.762072928919451     
   52.868419421736959     
   47.940639101178100     
   49.560359186035654     
   59.919481262394925     
   46.745511118544350     
   43.000740578407964     
   42.797925487054776     
   55.075481359678335     
   46.768256052043306     
   48.672189221964842     
   46.197638791993079     
   39.110845391599618     
   48.331352684652416     
   49.844659350688964     
   53.675035234278738     
   54.245413667110697     
   58.900631860886577     
   56.882635075560493     
   49.534818223130941     
   50.561953863832422     
   54.780649123637936     
   46.511673206606048     
   57.397311582271577     
   62.251457572729819     
   55.839939839809645     
   54.316947345791895     
   56.567395253302557     
   55.201317797622643     
   47.228024745039832     
   48.052460750103648     
   48.770463999783630     
   60.451891961825076     
   67.132434935037864     
   71.006096270414702     
   75.101007251028960     
   57.992099853953974     
   47.808393692430514     
   54.493933759682029     
   52.450033020241207     
   51.069112120405279     
   60.142610401375123     
   62.098393255344455     
   58.051870385541669     
   56.677204169702250     
   53.575577836112366     
   53.197198405738007     
   54.581830333009272     
   63.981036935054945     
   65.085604511058278     
   60.794498591738659     
   63.788925929009970     
   61.782136050181435     
   51.698911272878199     
   55.164559495212522     
   59.895111238373140     
   52.955832029256342     
   51.639812466920858     
   59.672131646250072     
   57.116063003864625     
   57.100369445873511     
   54.432273582635524     
   53.355068586929633     
   46.411703111864519     
   53.622968366450451     
   53.891310357889886     
   54.325772622411662     
   54.225048429510117     
   53.692218973791157     
   63.913730028798575     
   61.321876682064300     
   58.766715538115726     
   60.906193791832102     
   60.252812742444576     
   62.908122955455205     
   52.776509886133191     
