   336.43466799158972     
   44.532694228382077     
   47.616758454631487     
   49.253323819042876     
   59.986591584281506     
   48.492361942134877     
   49.599872324318490     
   47.690414143318726     
   49.746812377156942     
   42.464824232027055     
   51.667011011428563     
   48.199449594870131     
   39.768150357681478     
   41.229461856512287     
   59.679961325001223     
   55.281833141969379     
   49.896794644359801     
   45.486453398048241     
   62.342276166592754     
   55.091860242877793     
   48.593549840835479     
   46.710638757679419     
   49.465317972855615     
   47.427057510339324     
   58.086081191366745     
   51.152765094924305     
   60.233911500921828     
   56.571808345438100     
   53.569887301202925     
   45.874047479703130     
   46.773537347656060     
   55.383397201537605     
   54.669169172217380     
   58.716312388458952     
   63.255758593633580     
   52.587314346618996     
   45.730592873254523     
   54.992562220260595     
   49.842738362548118     
   66.270137692374519     
   58.306036014468035     
   48.735628962387814     
   58.584556668777282     
   55.517979320432339     
   53.692300899947583     
   43.328209779878534     
   44.503686458801539     
   49.744884234693203     
   46.064019943181279     
   57.872486558647196     
