   55.196906537175700       0.45286756595575656     
   54.085753580679857       0.57534779821179438     
   45.580525932214641       0.39383633846516852     
   47.755199585942357       0.45544890533734594     
   44.609196300140809       0.45533475065262080     
   49.837580519411091       0.60331051333658525     
   54.338151116176078       0.59352248676419261     
   53.287369239275968       0.69882280750742420     
   40.259379057745683       0.59908134992414352     
   58.990335112890392       0.69226101232604809     
   58.719350318050580       0.82636003670023750     
   43.837856953566394       0.57861756454030511     
   42.380740210040315       0.52299980410119640     
   50.630266534559681       0.47458895476161539     
   51.910185598378014       0.44150078519965064     
   49.286608304610233       0.59745660156544833     
   48.046322371585852       0.60129173579503326     
   43.927507676043440       0.55993385953489905     
   52.027625632194820       0.73575186820504268     
   60.134442282321729       0.72790281978340787     
   47.909514730769899       0.66704652931109754     
   46.353554172743493       0.69672630610717590     
   41.784222937196560       0.75242754794552824     
   42.027666192253704       0.67497042003094421     
   54.623842486467041       0.58974391444231578     
   44.528508606911544       0.43935605282932111     
   55.126547290326307       0.56455108583993208     
   45.843113512610557       0.52710870810999055     
   44.433522886184072       0.37612233101282672     
   50.228025906335752       0.36992852009771676     
   48.260399206763424       0.36051611214182544     
   51.678253539148109       0.47866912387049082     
   46.695505047980191       0.43244621701920088     
   41.846031741918630       0.50791077810640706     
   48.872961268591943       0.57154640139345159     
   59.348263617810353       0.67824911394769638     
   44.924279123512576       0.61419687179513649     
   50.077422856273451       0.55731697579538020     
   49.677642552089857       0.65543260827616645     
   38.837777272389921       0.68266018438352338     
   57.401728745022552       0.71364723994689183     
   60.703809256954884       0.80432131516431471     
   64.137750832680823       0.86836945812967636     
   43.154667721643683       0.94986638102930643     
   40.536278727411172       0.72946753761257555     
   49.581536656148430       0.75985316619397669     
   47.211312493925888       0.80180033198910483     
   54.858851659732757       0.66733959067924276     
   60.715190905115527       0.79509617671115751     
   51.114439096725441       0.74621957353894541     
   42.513486158407822       0.65667149786250179     
   54.137603312422954       0.93170123191391352     
   50.257171082416988       0.87348793330400598     
   46.315504910935132       0.86179388548606195     
   56.336218851346509       0.80165225113858807     
   54.533463189061059       0.59226845415969309     
   51.426337478510646       0.51609117792108272     
   48.197852188694156       0.45984115283591270     
   65.786231732948551       0.43340595902378903     
   43.820126104236060       0.40401688528623247     
   56.919958956404287       0.56957686443490119     
   49.170269195768462       0.53166774605554934     
   40.052302356687349       0.46879519936973474     
   53.898663571954600       0.51655064475617962     
   48.581175782986186       0.49941404235697845     
   55.765167644366244       0.63766195897470002     
   59.055441785692047       0.49147746242278290     
   51.045391881576769       0.50731403464298008     
   50.739196801001754       0.48233099836491067     
   56.973994545392600       0.52668936334368666     
   52.853602293366393       0.45437286476077149     
   56.079259867392985       0.66218449730654627     
   55.493418025149253       0.64955103692246485     
   50.865281520429988       0.62283640221222858     
   51.152035023068777       0.58177045419489626     
   47.871431874633366       0.58256107429772075     
   56.579228713600472       0.55290395298651218     
   46.856914841261798       0.42904103752645234     
   56.823756097788646       0.49727651928168970     
   47.964412557921243       0.44662533148906891     
   51.906060601120494       0.43317630154455472     
   58.197173480988141       0.48009165528688469     
   67.423188147147101       0.41784984306205630     
   52.655648282783865       0.34474802481266004     
   46.248027072757587       0.39217696245084677     
   48.934745064173306       0.42827250781113130     
   42.237310806418400       0.36416834720922714     
   58.486304293648551       0.37408581852756684     
   40.005918392360087       0.22631212132949180     
   37.905845794403440       0.16851457484166904     
   47.099470786527711       0.21293496385302235     
   44.846326242888821       0.26956876589136236     
   52.984362462774634       0.38811810276091135     
   49.452682464625958       0.36747201202235114     
   51.994898755831876       0.40559488127338433     
   48.459733710747187       0.32753226579906491     
   62.136446130855369       0.27912537557795353     
   54.979042229157542       0.30607498581769010     
   45.408204152103288       0.21727368896673643     
   49.102430237614151       0.25998996008444503     
   54.405099207880156       0.22753718376387624     
   60.863241799291202       0.25115876347078453     
   36.640700746353467       0.13307129714872606     
   45.523845290882782       0.16451749441444430     
   50.243021830647471       0.22416742545828464     
   48.827468045511850       0.26361643450717437     
   60.784041112182550       0.38723120930975852     
   49.053845265621646       0.30033480407062924     
   44.110033471433383       0.28126170203101236     
   42.767652369090278       0.34974747624640218     
   59.657294164427739       0.38317892257232211     
   62.137200982752312       0.46062709241430466     
   63.665778768755430       0.41579128872889365     
   43.563481774041499       0.40386029478521446     
   44.672651826675889       0.38839610163034693     
   47.884487059552967       0.46647544856576045     
   42.958330999331544       0.48121771310826000     
   55.992523590745400       0.46242688191774961     
   49.214887442497449       0.57151016177038760     
   63.011696899463736       0.52876295763892156     
   59.664368199484613       0.60865542709138309     
   39.564457584786076       0.39966701442303332     
   46.814855262233635       0.45480198396033672     
   47.800903692297545       0.45417311090216317     
   58.302749745017785       0.45899587605516812     
   41.671098136960310       0.45502493047986087     
   45.205440708587709       0.51880961963323713     
   46.978458002602224       0.70461762886767232     
   46.216766648634881       0.53176235842828889     
   51.852441403745864       0.55767407857531248     
   52.557945328313259       0.56121224200064967     
   42.389917513939800       0.44305243943895428     
   46.760429751694268       0.28393035696908309     
   49.273032239430229       0.27248545765920940     
   53.950998868795445       0.33664150815759342     
   44.646627437612473       0.17896787553465296     
   49.819679740901137       0.15096898318259652     
   50.220752201944080       0.14364594004164419     
   43.295214702088522       0.15674385328492041     
   47.179665220471108       0.18866192760683340     
   51.371009743068370       0.28136779939697976     
   53.432870475542515       0.23927247051478848     
   41.265880004491457       0.21716061134750786     
   49.796037788467849       0.24210789307953193     
   49.555876084899488       0.20342679593007351     
   68.641715837668400       0.26131108824308391     
   64.954719322209485       0.28840219109369336     
   54.105068059704195       0.27583128148292269     
   55.908058816539878       0.26460155496494808     
   62.422473692713304       0.24525158588564414     
   47.165427979770605       0.27512165968716362     
   42.145198977020222       0.37713159179648870     
   53.032999138513489       0.45705096595867922     
   48.272025030001245       0.37362212623931462     
   50.424147378900855       0.27018550404584490     
   56.665342363945669       0.24506163037944195     
   47.404290577500220       0.33866171007208834     
   43.772508642809335       0.39784486347058667     
   50.481756374223409       0.42554954014485680     
   45.121118342840539       0.45254621149289592     
   54.142661808553250       0.62721885480405282     
   49.389520157066457       0.74421086166387607     
   56.865659627452871       0.70745642994450575     
   62.765010057282730       0.75299402633373769     
   54.692179351428678       0.57429823127189272     
   44.880829633319024       0.54118295177402909     
   48.613660858514407       0.52437652019340097     
   40.816549698370800       0.45990088625450293     
   56.348572347576393       0.49638573175972572     
   55.045181785793922       0.44398063864549286     
   52.151664315950697       0.54200571218338101     
   58.074222557801512       0.64256838317123577     
   53.615094487428458       0.88042984700887172     
   59.440641156185087       0.79129912256837354     
   49.803825661542888       0.84990513019137881     
   45.418502066209101       0.64117364049849912     
   44.370075315816337       0.58584135578857088     
   42.989458742658790       0.53652961904032825     
   44.676750971264156       0.61945915209703262     
   48.296656542470117       0.65414261475466373     
   41.235603061357878       0.57957121273699330     
   59.583179239988958       0.51831696831613949     
   43.695159717913754       0.42730167855738715     
   37.673329339515497       0.52430215436180261     
   50.355048870253391       0.64498971050563536     
   46.668074789146274       0.50636540126000673     
   45.199582778102943       0.50771769673068357     
   39.136441811325270       0.62656989330352009     
   47.022638987267868       0.59508861685414716     
   44.476759368916255       0.53336047942726761     
   53.586452163496716       0.58837927682433999     
   60.779279927369224       0.58111729213181373     
   51.013702001809030       0.52780419904801523     
   48.056471868778644       0.42197129601484784     
   53.557965524217273       0.45400594991016696     
   43.906330327435960       0.41064313485945314     
   56.048847200463989       0.40419056728239050     
   44.676694432726592       0.44295581614819790     
   43.737044371858026       0.32724007111497111     
   39.626039925866671       0.35474716551637742     
   50.016398300381574       0.34307436002083003     
   44.699406883506711       0.40574247091718318     
   58.971510058315637       0.33633728102419758     
   45.335851583116806       0.34171700993854853     
   59.402956669422814       0.40263097748735382     
   37.688257108233344       0.39640399208375954     
   42.751229632937289       0.38048611218949929     
   70.453025999306732       0.35207361040140162     
   56.006092445521801       0.45890998933304283     
   50.176427283809232       0.58201871434097197     
   42.379020426278274       0.56620726411791755     
   56.932947524116592       0.85501663097564995     
   36.908212099002142       0.73976610391455777     
   56.604666621018232       0.79930819790131191     
   56.752359515023784       0.74884430407548352     
   48.865281985746350       0.55722761639217044     
   58.599673383263777       0.47211064242878886     
   57.582616141677399       0.38460294890007091     
   50.732141456787780       0.47905180533123226     
   45.714037011784754       0.46240026428911823     
   49.294533867618846       0.48735701270188564     
   47.772314676118768       0.52746325279768624     
   50.451162244082838       0.46540788781318904     
   68.097801476629044       0.43786164384900383     
   45.511017233885710       0.49338260356884200     
   55.652155214717659       0.42672419652379323     
   42.875448769963761       0.46032339916098236     
   62.315026010511026       0.65033514585716323     
   47.100906399310318       0.56612182282616452     
   57.872437725698482       0.45453863636435704     
   62.275004903861188       0.61301395390576585     
   48.864619477642023       0.52192665973597441     
   55.355110253375791       0.59523437568989268     
   48.295269983226859       0.44118144282097238     
   53.281093469141567       0.42056418006310209     
   60.399001764404765       0.47852453928408223     
   52.580340397558615       0.49403866551045206     
   59.107352069088201       0.39712084932390312     
   53.681425376949953       0.25108760900362159     
   49.100805973497032       0.22213326477644388     
   64.158200968209272       0.23893211119338040     
   51.238608399248335       0.15976761095371422     
   46.786975019398973       0.15943279773739907     
   50.943412499538290       0.29150327188776759     
   42.309872647354652       0.29210852154964828     
   50.969833569530138       0.31511169978667486     
   42.658077896098945       0.34782165804124032     
   49.244124027275895       0.37511522391925040     
   43.284844772002025       0.35805292951357792     
   58.813380999174051       0.32632709026884382     
   45.795761662007301       0.35581305761781207     
   45.307493268131346       0.51443567206907248     
   57.238748946893928       0.55333991784378456     
   56.922796667039371       0.50714480645870941     
   49.049819261983856       0.35650432727054848     
   37.813994186980544       0.27564039710228466     
   54.281991438550612       0.39380126137650401     
   45.973001869443536       0.49184037512435419     
   44.546717038430195       0.40033805149370627     
   39.395211853550812       0.37771039687239522     
   48.015849604525705       0.39850752339761158     
   50.011676688395433       0.46450605432378689     
   45.658472867817082       0.42059079756772177     
   49.875509507724111       0.28693881269541061     
   43.782623307169551       0.26621083521933198     
   48.255613394885955       0.31658174837174885     
   43.180304062166250       0.42304171786827766     
   52.225159605366748       0.55444114504641040     
   55.022131720844840       0.61779485591905514     
   49.618174856124945       0.48702845017652507     
   48.782161341790761       0.51632196957525878     
   61.354645653120862       0.67941217607609128     
   56.762349833848745       0.71325045091690342     
   44.149734772622907       0.81723158080927716     
   62.348617476304149       0.79863510201465504     
   41.491439969609480       0.91403603875284611     
   49.393545787347726       0.93363907736047080     
   49.204306120984832        1.0471427789568875     
   53.297070900167185       0.97094575485441037     
   62.163903337866714       0.91155675467667974     
   61.291948800546393        1.2167612553737235     
   53.277874670943746        1.1806952492333302     
   56.124974615714351        1.0539132502919488     
   63.222606973820668        1.1492384055744445     
   51.073411068877768        1.0840227749337055     
   52.913535433234479       0.99019475287773051     
   36.531307658407677       0.82282608222724507     
   36.929765468795637       0.78395406376710808     
   45.671165005506225       0.69421448614732639     
   60.342811851564718       0.75645000057983547     
   57.420383442012223       0.72892971390906558     
   63.722383597443631       0.67055990726607262     
   50.478539091863098       0.94385964037080616     
   61.220954184191704       0.85587043096554805     
   51.266260247819488       0.91084788577743547     
   63.820661528953849       0.76547964034949234     
   58.273350166105857       0.81252208519828972     
   41.467590693971459       0.79758028367835176     
   45.982940264161890       0.87070773057131590     
   59.615914567522118       0.89176364814076681     
   50.905120744087114       0.95788595178575053     
   49.762533704487176       0.78795820177161446     
   54.352459840540313       0.66240170363862949     
   64.761660272382088       0.79934979163798670     
   59.878318880698870       0.80184512860741752     
   59.924135369171424       0.68450319249983982     
   52.049266609757609       0.71373036666046008     
   48.180520086718076       0.67851487333241978     
   48.144232421132578       0.59084865811380272     
   45.913967795417577       0.55503132191581284     
   52.751454999900453       0.58177708865827393     
   46.028368629547550       0.52791259503705723     
   52.986262816055522       0.52030395794060913     
   53.891467945022860       0.62742177693558610     
   50.207808214519027       0.77920971213426482     
   60.442406811004282       0.69317707656293426     
   45.393684947390398       0.57068699817295088     
   51.677787150726189       0.40095514196820498     
   42.317030020548074       0.29849383876154922     
   53.698560578707003       0.29671365166529617     
   48.766051398069216       0.24571957303958350     
   46.366911486036116       0.34588364778480207     
   57.619103274199119       0.31660838818554587     
   47.705131730174074       0.31508565588943904     
   55.733942083209385       0.32068228212331429     
   45.017770211009164       0.28509152982422864     
   41.082928347198319       0.32049732502419664     
   48.018281398148467       0.33875692975413152     
   56.502389228500270       0.52124334426139551     
   52.459141023801621       0.50376060501887943     
   42.614691980556600       0.45914515443753495     
   43.208084424079566       0.41357734939217516     
   51.260709397907767       0.39943704194047575     
   47.431943470260066       0.45818624587437606     
   57.210798035682103       0.55032183356314079     
   58.689029749962728       0.59296720959443172     
   56.602148467542243       0.50361406101205686     
   47.458223692310284       0.38894354553242344     
   42.899978280847243       0.37405389988356552     
   44.362385631725836       0.38293335284947533     
   59.837618655693049       0.49408035230371788     
   52.613748643812542       0.71158414694531602     
   59.609886934364219       0.69186643258151892     
   47.413976519683970       0.64452566333420946     
   52.939688405120833       0.54419582220312168     
   61.096362856584797       0.57470972761071015     
   54.137414475291656       0.59117867752604047     
   57.562041213983612       0.66213737803565764     
   49.401682378453764       0.52420958460915434     
   53.763398490282313       0.42956180357783119     
   34.442923013657115       0.29480998326017727     
   59.988551930485926       0.37617863729723411     
   52.509381882825586       0.31632879596986752     
   45.972849756244798       0.41465300815796646     
   48.369070330472091       0.34380956038446397     
   54.793846450723215       0.32875060008637241     
   52.821290548695600       0.32834631758835953     
   52.493341429749727       0.39591477791657165     
   50.051272364278653       0.43530785520081072     
   50.831269247833788       0.35766518314560036     
   45.772767735139851       0.27880138741108823     
   47.505684769459776       0.39287592415472672     
   38.392497948056423       0.40218344825453256     
   50.833826025773831       0.39372845125780570     
   42.369161892620916       0.24296453488228628     
   50.763331125616759       0.33786597852201067     
   52.659267075277540       0.28509410672568591     
   52.244333324340857       0.32384174497343415     
   57.719397376624400       0.35885809047079659     
   56.425345842693510       0.46606920046788325     
   51.286826050157288       0.32044507579724341     
   47.352957730375977       0.35507952917226571     
   53.312475788736293       0.29241503285693549     
   53.904400548378725       0.34827306747283493     
   47.110315238551124       0.33965909896927776     
   64.662995653277704       0.36000306421007472     
   45.233871554045493       0.32557259779233017     
   53.595127530430396       0.49484062093467496     
   44.757917835783978       0.37774615592303562     
   42.604363049411198       0.56624972427287690     
   50.583674855636040       0.54718539153091084     
   41.254783243437274       0.49546968067434016     
   59.681165011969270       0.54134755987984140     
   47.693803693558323       0.63736067629152171     
   38.203899281953710       0.54561435250894608     
   50.151700556858557       0.61313991848347993     
   41.087950456574866       0.59281146472233237     
   51.204567839295727       0.60015944996736870     
   51.304667036706896       0.69401443210710412     
   59.024440231838135       0.72920645655099614     
   54.563793298993055       0.54641858949932887     
   42.483086608564705       0.58272600681508058     
   40.229878160256305       0.72038994172264725     
   44.009889945326876       0.81142831857604814     
   59.109231120095380       0.90895957557514462     
   57.164186774838882       0.92165986634663555     
   48.441764712235603       0.74709951716522438     
   44.241038872599077       0.76480711000657164     
   56.660568325809031       0.77241798561574138     
   55.196858578483479       0.87352669286996720     
   52.576239200479357       0.74580014100239467     
   55.915052105696951       0.64850255194819151     
   51.679518789471928       0.58759708510005970     
   51.495343261102761       0.43699459790368989     
   56.742077841534453       0.45490292272211386     
   51.712459450348121       0.37276384569136289     
   54.148251250561607       0.43200893221931880     
   49.299312768460020       0.34615449095864043     
   43.684716439774647       0.32918727558220640     
   45.509766882548753       0.31480493625003619     
   57.683701539305247       0.37612988211225301     
   51.762543085500532       0.45597079739658042     
   58.564962191845957       0.43790952814584722     
   53.517972944806907       0.42665757546030014     
   40.162808611564870       0.38728010384964506     
   49.041158266120298       0.41839797149468672     
   42.576822845968167       0.35456395979863631     
   40.405155725153627       0.39235087714223121     
   47.536109828101075       0.34640096418194494     
   39.605240116556352       0.33431543625528504     
   42.215466625107140       0.43646813017068548     
   53.474460948795915       0.63555810104572719     
   52.998590122951768       0.58136696671131038     
   44.906937567186155       0.53368519404026915     
   42.823160395855375       0.53136185842692862     
   44.806729878094998       0.51274430517791092     
   45.495334602661202       0.50575015268015133     
   39.817940483270135       0.50001017827203897     
   40.319222023611268       0.52411156790322666     
   44.309751852205750       0.64978820070971810     
   48.322954949936118       0.54977708124815372     
   49.922863249843957       0.55720239289151607     
   51.494470847568991       0.44899016003444453     
   48.459225579194708       0.44034356361346666     
   57.260039758119795       0.47168768161785479     
   53.108947572035824       0.34423582248785478     
   43.465500144412736       0.37348902091504677     
   52.491792199262726       0.35102759548460916     
   53.615700097099889       0.33289619410454924     
   54.064362514387675       0.40182702107035512     
   52.292067615735284       0.51237682728719147     
   58.979062823602092       0.56516930524270681     
   38.449587269561647       0.35401527492829082     
   52.607921941421900       0.35189350817079285     
   39.389368872753025       0.33687699448617858     
   42.052593734933787       0.34940516983354414     
   51.770919195671638       0.38918615539483237     
   49.386591070394729       0.36927424129679276     
   49.786825126917016       0.41753408194661090     
   46.879090395199874       0.34495687249609958     
   53.861941639072342       0.42814801428022237     
   47.334574071020334       0.53761145036198166     
   44.819699673704250       0.51898433142611633     
   44.362897367555362       0.53055798216094030     
   46.599274809166708       0.47864190205327639     
   47.780732104325061       0.37721544158341902     
   49.646885736995131       0.34339709817536535     
   45.572466730324194       0.33739919413231811     
   39.337885497285278       0.29515839108814740     
   48.317143643510981       0.41384805106737860     
   44.858744317771773       0.48321858484447744     
   51.969941541286957       0.48376337743273318     
   47.277560978614616       0.60611229227378327     
   36.518886698198841       0.57029180872329599     
   49.271149540236202       0.74395391051421700     
   60.048967338202822       0.68128159886387751     
   49.835929870109275       0.84084453967516037     
   40.927811330853075       0.59343723359040790     
   61.565651763837444       0.59288463863782015     
   45.349547518521554       0.63366940491330093     
   50.549221879759656       0.64538420083616244     
   47.093755923722391       0.67375059432814255     
   59.463006962966084       0.74330811403928676     
   38.681936287110091       0.74995835477869111     
   55.974951197071228       0.72678371214522630     
   51.508296212129231       0.70521391761456387     
   50.431899654608181       0.58081375408218650     
   36.973866732008922       0.45771362636421492     
   55.543113099412260       0.66919799471808883     
   41.949713338379162       0.47737866443395005     
   56.667122025649320       0.46012591125791791     
   49.614351409151624       0.57419993796051860     
   56.827929904857541       0.47500885286868105     
   42.599701395985676       0.53823165660071959     
   58.345928779482549       0.49430941582877524     
   42.566414574811020       0.43624892820888234     
   49.595882803557814       0.52581840521448731     
   52.837461177677874       0.64847784079004034     
   51.687320626439060       0.70707576081489909     
   55.125193602645602       0.71031034966667561     
   53.694664576611018       0.51901868267372220     
   50.800126650033896       0.51898880463244945     
   53.673217631851962       0.49418799952083492     
   58.759927054886603       0.62445994685381490     
   47.252645887527734       0.55495223829467299     
   59.878733691787644       0.76496444668960917     
   54.202332712645301       0.80141323514290197     
   59.845285451784989       0.74631362227036691     
   49.430384051672767       0.52878013278861125     
   69.517239419056878       0.57437278402297909     
   40.270630984541057       0.55144634555080740     
   49.310568274211860       0.52142455113672892     
   42.335953542493975       0.35742130196938082     
   45.812186439811626       0.44168958506361639     
   57.256751453624361       0.58004618548021702     
   54.778702757934973       0.50027628869786611     
   46.335498963859642       0.43326239226199370     
   45.237543760843735       0.43703938347924753     
   60.093112370592195       0.41174928623191964     
   50.239360399467074       0.52571011511366328     
   47.317225339632209       0.51066030952253660     
   55.126222158538368       0.53602355662375056     
   47.224638633853999       0.61023638800524538     
   38.432188910444388       0.52550258391633153     
   51.616820537830343       0.56695249654441393     
   55.780052316334697       0.47702195890972005     
   48.446149983088908       0.48575231204029712     
   53.254618566404901       0.36528680189541241     
   50.623426076862863       0.37766494880147988     
   46.176980616912395       0.39198823658684673     
   55.095240319408774       0.26430187593799276     
   52.538352132927294       0.44864050966848551     
   59.604050304956097       0.41019074125116206     
   61.753940094584735       0.42050119318173274     
   38.630252331834001       0.28366493613806049     
   52.953751860748781       0.30069496014445413     
   50.751529220144477       0.41843809451783331     
   45.477281566207104       0.34156544951205914     
   48.493363480659461       0.33106379149095339     
   49.620787585268872       0.33230103149735557     
   51.001523108590341       0.47339270345912837     
   47.682606225240335       0.49178186542703939     
   58.984325640189496       0.48296293509888072     
   46.570594028132653       0.49106866838837554     
   48.759647070850946       0.44541285060574592     
   44.478302846373843       0.71305529302793047     
   40.872512881242919       0.84198169856114602     
   49.198482850728162        1.0333058766943566     
   57.888274257276109       0.97714321507302815     
   55.072538717584720       0.92281922874184463     
   53.892441456535266       0.95172226360564638     
   54.174404736207528       0.99601564337491211     
   49.413837293981871       0.87223750979342685     
   37.892519777249937       0.83774254404455417     
   53.969065511950333       0.99193407756046781     
   58.115483558844943       0.94033024773259788     
   51.286249697315121        1.0329164115933296     
   51.881206463946249        1.1905699084186083     
   41.677455411079634       0.98083592189789670     
   61.348154609432079       0.99981830394012139     
   58.381379437700055        1.0434415889383981     
   50.692066573149845       0.93006714433849935     
   68.896774151726490       0.97700856061822139     
   55.525319379098022        1.0869496141713306     
   72.888531318385745       0.95893484918299610     
   59.302514560582154       0.92732045400010588     
   58.306525940960704       0.79860958704482310     
   43.644219402639060       0.71549314095600547     
   55.166301112218065       0.73595213814566618     
   58.948903516187016       0.69798373411843473     
   45.698654772706099       0.74425132720599929     
   48.750602528957565       0.75138538921000175     
   58.046637781846790       0.76449035540290200     
   53.175207618181538       0.83963711066516111     
   57.770395630259657       0.80770572904849469     
   50.977187887563979       0.80701987414743181     
   59.206208223530801       0.77982987294756756     
   44.525843095920045       0.96450271650488473     
   41.867526946851086       0.85581538198753038     
   46.984376022427981       0.74676810236715374     
   54.581161535996657       0.61207526207433971     
   53.131496625737917       0.57477155091153553     
   49.244606861903968       0.55017274006838479     
   56.335364905020455       0.43322352586388141     
   43.678550585021881       0.30190636725402298     
   52.953886990701825       0.26919086523426294     
   56.530928409408396       0.24557316535086618     
   41.880863012959409       0.15940850028398931     
   41.317128164503423       0.16491418277993372     
   49.319959460367784       0.19679187401429835     
   47.076524727800752       0.29532852165542256     
   49.772400433707141       0.35664006440345930     
   54.631304249850587       0.42898694727617498     
   42.742124222953549       0.30971322407219282     
   48.495774988739427       0.36530431144826364     
   48.132470133877604       0.39784605633749798     
   48.232005357556680       0.32485484305783685     
   46.149227409049359       0.29281433258850170     
   51.603951919443404       0.25935343603154043     
   50.606040345657526       0.27562835236827249     
   56.445056518782685       0.30480147239749178     
   54.719003002885785       0.29657174577999496     
   54.958929585867018       0.29072773159501020     
   52.388878536721663       0.33258555492797742     
   40.112184491420450       0.22825196265164949     
   46.981918469148127       0.29576618838622709     
   44.940554748724985       0.39265069067224040     
   47.116431080098913       0.37094344728911571     
   43.317007238792009       0.32321773400668513     
   43.935882315899406       0.30343326409538118     
   50.188132828101338       0.34330299830241379     
   41.774811422441751       0.42127724282225038     
   53.778804153997960       0.41829474465625965     
   35.717491147405802       0.25669652274250226     
   44.637093474745697       0.41178359729247416     
   57.712902957680505       0.57434525755361032     
   50.040301160181897       0.67816032951602823     
   48.986982644605654       0.73803812164018301     
   60.947936900021787       0.76700706135046726     
   49.694880503399268       0.79657646680521799     
   46.120264264249862       0.95982095989678484     
   45.859492147212613        1.0337654535610472     
   42.807249799481127        1.0949589187555144     
   55.819886009516750       0.96909196805373043     
   38.312695981859861        1.0011218148836973     
   61.953077449561690        1.0995836055447568     
   53.302048588064409        1.3085361609321109     
   62.204784410458899        1.2307986555283359     
   53.551735499026627        1.3716650719067731     
   71.915768018387794        1.3555838699389076     
   58.985629776382559        1.2827262893138991     
   50.247963104079858       0.93931055891158055     
   45.865586907741616       0.93068260113672918     
   38.892129192662459        1.0186409257766327     
   42.876268133598373       0.77113712085756603     
   51.052966612937979       0.84062776574214038     
   51.550933943470483        1.0101121392708792     
   47.791692304197120       0.91818117875167515     
   49.254119236413828       0.80646823729290906     
   39.826356284374633       0.97393478716475090     
   56.529602069018630        1.0505868881865112     
   65.846893346588942        1.1947802037869024     
   44.667593219696343        1.1044045389068442     
   53.455608851163184       0.99741674224111476     
   47.380672235015410       0.93551471991768298     
   61.120146932279795       0.85747424914504433     
   70.459321285652962       0.80958389841181455     
   48.229053117345650       0.70012378352241900     
   39.828411035569232       0.82324462866023496     
   45.309796150123816       0.88445934895977685     
   49.117553720547491        1.0887551992855387     
   53.816840823804178        1.0261067584468038     
   47.910617087221354       0.94331391597549530     
   56.959109252187034       0.72022066577561139     
   58.361679064294620       0.92851622128043021     
   53.190299416191976        1.0965631095385973     
   52.642400987014511       0.89009380629121193     
   50.130690935847532       0.92832076814456899     
   65.678399955498605        1.1497698025192333     
   54.970142453195500        1.1677853907008793     
   54.113977492099025        1.2304781394970272     
   49.496320575800979        1.0440278211264062     
   65.913682351939528        1.1574607396604042     
   63.920398947424154        1.4186023524856430     
   50.430095398277153        1.0383024550422408     
   59.236738890963338       0.70319254078055848     
   51.397178655267851       0.58436924414755353     
   50.067370054217207       0.66684982508397384     
   53.611688333434849       0.60680954855972835     
   67.874205672109326       0.60795314199737849     
   51.731677050357071       0.51459737152394436     
   41.801057309766740       0.32528161466040018     
   47.815783800568369       0.35133054025150728     
   53.000272749672448       0.31458554679653078     
   54.434036547292436       0.23370896607113678     
   51.632018172295879       0.31972765169257616     
   40.161596048978545       0.32199984263368847     
   46.198966656848711       0.48075739312479676     
   35.214029664706587       0.49256372670651827     
   44.749548050549720       0.44625924653662075     
   52.868410589593303       0.50193791691631384     
   56.661361056094826       0.64298878419287508     
   48.865481147578990       0.36613280988053781     
   40.680729750914267       0.38704770881086653     
   49.145308742377985       0.37677247303629302     
   48.425398016526977       0.37829686514172950     
   54.929516278288546       0.42504704860913783     
   39.595863319136754       0.31862537570009658     
   60.351064582630620       0.30032297083028564     
   49.486984721795686       0.24807954714279351     
   40.410839447683429       0.28092245685140294     
   48.831012933136556       0.37912860020507255     
   56.166137489485564       0.38040680983604569     
   44.136834884403527       0.41513336377485155     
   52.639101318409189       0.42021740635799582     
   58.678651018802782       0.48913116577711008     
   46.714853678661846       0.53801940654250469     
   45.404317494141559       0.58980308469481324     
   49.135555963383830       0.52392040436633780     
   51.693592400301817       0.47106411554505884     
   49.950562272315757       0.39175744591951456     
   38.184268704888154       0.42112958989397337     
   59.496803803177656       0.58610403815704271     
   46.882694824234733       0.54760099589031208     
   58.840257962970242       0.46887644859938193     
   44.106165826381073       0.49794772700031337     
   37.458343585006837       0.65064314995797712     
   45.330868367128474       0.71303782722220899     
   61.215272872944631       0.73978674734540695     
   54.221954581501144       0.56782859229555049     
   43.877338245072785       0.38986936572160746     
   60.411319998587246       0.40658574127108310     
   45.279799883532803       0.31519166202534504     
   47.440814271998889       0.32877638865104858     
   48.582520037130436       0.40215512148784621     
   58.198724179827863       0.37989259519479651     
   55.350697821668767       0.30255579511282193     
   52.539684172879248       0.43193260770338943     
   60.053831483589555       0.41621181750237879     
   58.072597511302696       0.35516501644207005     
   52.699748002222300       0.30571444651421781     
   54.202115609635385       0.39846730502018401     
   41.440395597789745       0.38036844470263664     
   55.785830889271125       0.38639278219850454     
   40.547847707949465       0.40767907161549538     
   40.178087838478277       0.49356427044283402     
   52.093260344268174       0.58473051751658067     
   50.418877927852421       0.48011183129883883     
   57.381142711491187       0.54664624798967443     
   46.254928848948481       0.37546098770158359     
   40.368173928724680       0.30718608441522377     
   41.966445945148678       0.39590338083665960     
   43.286064886810010       0.51769112543324447     
   59.802134531177053       0.55997250851802161     
   58.763280916266112       0.70907898943488579     
   65.435613570308504       0.80286198423421273     
   52.365076178213705       0.69573257340130912     
   50.120930302666423       0.65046367872672295     
   53.140373477391549       0.59133992167719596     
   48.812508849703896       0.56848180112284186     
   43.149071303230606       0.47475272194771828     
   47.162677916791083       0.55258864700713384     
   46.987114495320341       0.69945759657363382     
   39.507610855775155       0.65178326736241332     
   38.048393003323760       0.60868479239204520     
   56.222586594365140       0.52716236558663943     
   43.395527798883357       0.48471823728497382     
   48.590817622871562       0.39832722855787894     
   46.529213576977774       0.29838630175250125     
   44.231252867230928       0.43194171537881154     
   41.222025192555371       0.35422923852074228     
   44.672687579749159       0.32155397448357076     
   58.198664346417814       0.24741739294746359     
   49.740016376232973       0.25397623553253579     
   51.772294411265932       0.24868001042736357     
   54.304487519453552       0.21961025765096320     
   52.311192968714593       0.22029981382594760     
   50.445370658206627       0.22961982690535035     
   38.061782333086065       0.25293016030175541     
   49.017490500893217       0.26032916102813614     
   38.320611061764382       0.31450266327118198     
   51.821006835648674       0.36868804602640454     
   69.936487071000286       0.36838831460441090     
   34.614891421044064       0.34968888864971875     
   54.482292861609992       0.34908003167363399     
   46.398886234843737       0.31142355600585941     
   49.166488352758719       0.26460789368144422     
   43.736064448033922       0.26316385908242151     
   53.805348803463190       0.18920883225681351     
   42.047236059997608       0.17797007733311182     
   59.027303207059695       0.24296521498096996     
   53.267383636485384       0.22112468341935873     
   39.374806685670585       0.18799065669653742     
   49.507367294122226       0.19438954493315910     
   44.477671897898603       0.26475725832513913     
   39.174198677254303       0.18230451291905780     
   36.801206943402072       0.17895509126842815     
   37.316043913611594       0.21225150925382899     
   44.008719169367602       0.21027053459955788     
   48.009316277391605       0.20525272021459490     
   35.361468419682090       0.23476650805492619     
   40.483146092115071       0.17514212858579156     
   44.553012447140922       0.13643687136030463     
   44.433246421999122       0.16826285604505795     
   51.127176576372307       0.19633875315876492     
   42.053745184612048       0.18358885099709188     
   39.036207853652499       0.20073398842002890     
   46.081185772547201       0.30584654581562742     
   41.536390690006264       0.25779721542980438     
   53.522252539343427       0.33099156599164781     
   48.434813809061268       0.43419172736846101     
   55.005963970864357       0.54205409115372871     
   49.951889984375995       0.53401013892796989     
   60.482211661324605       0.59410420896721838     
   61.297440701896228       0.39737089457161096     
   46.552084897085024       0.40396094282074285     
   41.182014916016229       0.33553735722327738     
   43.844385086807293       0.34777406498637786     
   52.587304810536324       0.44983779766501308     
   55.567346259761294       0.48495835426040373     
   54.344008342484464       0.53350069525578458     
   50.543372093271749       0.42644129311280821     
   51.952533923418336       0.35371628872470523     
   50.214588491200907       0.37184085000556472     
   52.216824652687045       0.34821798443034963     
   46.046816820092189       0.24440954704914147     
   47.655541531392750       0.38369312848105541     
   36.988845187874240       0.29871203450757622     
   46.908919011188296       0.32308697660478591     
   43.053282308889820       0.34914290431895922     
   54.323422670737919       0.43194492636445370     
   49.010905597703221       0.43700185434507383     
   39.831356511645261       0.34231326424020947     
   46.795182994065797       0.34961100584094218     
   54.981129270507608       0.43971651454958333     
   51.905955804650489       0.42595601931148880     
   52.882181714548622       0.30075600508299682     
   44.534888118943627       0.38796757651618086     
   44.320380804140157       0.48641055676484529     
   59.243545516960353       0.40660142716894898     
   54.594026312537295       0.39931284314009546     
   57.802476808911329       0.51505544917762824     
   44.780049492654300       0.43402094810307923     
   46.633084166207425       0.44418743274388789     
   55.723745304010599       0.46533850102115759     
   44.864885502208359       0.38396768957611110     
   54.732648574036176       0.39418847449327665     
   39.441675909228614       0.28084250214416878     
   46.810131146598792       0.32530549892750110     
   59.519289224194829       0.42211748587372339     
   53.685883186931207       0.47794225094349307     
   61.622523859091835       0.59526546154550464     
   38.684190438068143       0.53684180807798387     
   51.626198813613826       0.64573623682730286     
   46.452270417829965       0.60385846662820786     
   53.788036722859445       0.47851865707689362     
   51.653587249240893       0.45013275016249760     
   52.397570595946725       0.34719181699048074     
   46.811311746114839       0.58460116288475128     
   46.264085613172028       0.50061392399998239     
   49.539639952600631       0.59758912957212795     
   50.879220119441989       0.84086723355823112     
   62.049452772695624       0.92933943435344513     
   60.606042991987259       0.76354746379666882     
   45.924311250383020       0.48297683851467516     
   49.754978364560515       0.32824137573849688     
   41.981512578250644       0.18845465316341203     
   47.084493075793112       0.15253762962532272     
   42.451498065779909       0.12494068177965348     
   40.975825392428838       0.20780495502147314     
   40.695858076283471       0.17230851284838025     
   42.274801945864489       0.23658559284910205     
   36.301927725869525       0.26704043665810251     
   43.467530285332330       0.26293006822311543     
   54.124946702963307       0.30716144780618299     
   48.262457653432506       0.42684894109451416     
   52.443884914158559       0.38912986787424581     
   44.863822641546072       0.48567050804158318     
   41.333726856420583       0.39392456323837233     
   58.566499095751993       0.40965943225992135     
   51.216026734944606       0.55429853889348646     
   59.573198025917790       0.48065625048802901     
   51.164511613717792       0.51981847554282157     
   60.709046954488599       0.52202719664090369     
   41.496654452950587       0.58927584276514022     
   53.597437925718367       0.44168759998620977     
   59.794100771771738       0.44203362345253699     
   36.324746075039592       0.34015950717061272     
   39.620462979122131       0.42946352079897365     
   45.288605808472099       0.43702334111130203     
   45.363956961571517       0.39000962445797505     
   41.909975816498999       0.40081985141327842     
   55.555398035412317       0.40426868344024830     
   56.677894842338006       0.36449700594287698     
   50.379539108776427       0.27227010710806371     
   57.936553911926545       0.26876478786394276     
   62.121820505266243       0.24582041220285727     
   64.930893545113761       0.29230949051300692     
   47.867463023215841       0.39268939441193085     
   46.994782627746218       0.45958514906354758     
   51.728561623452670       0.40727927328400954     
   55.206367280588495       0.29176561033766024     
   50.554741152286056       0.39673703962722706     
   43.958192681440210       0.48084306647974573     
   48.148355701680416       0.33120694046527438     
   39.101164435745197       0.31548047376494642     
   48.350979382199142       0.36350726086855217     
   39.925338524318583       0.35562746859024330     
   47.512346180342242       0.47031716927710582     
   54.586655899006701       0.57992311070515778     
   48.802277271126357       0.47750377407727734     
   41.268369985283819       0.43240465023716224     
   50.467653085739293       0.38390911110036280     
   41.339559028300258       0.30892173073898671     
   57.029224051351996       0.28219363040028439     
   52.433506679509414       0.36205311670766044     
   44.650317200892474       0.30896189960345111     
   48.110740469674454       0.32956107331455092     
   45.828477993189352       0.43334063101403486     
   63.186432550876027       0.41250869092144832     
   51.230482494058748       0.40297397425783166     
   39.222944159254183       0.31755621408439905     
   42.748718010703080       0.36300020756751261     
   49.109449362789796       0.53001643890689287     
   51.439919115057485       0.42573564677412967     
   41.970106457153676       0.32220860147520020     
   33.594161919223900       0.36206004197056380     
   53.793822594401419       0.45822690633569552     
   54.656494592267777       0.40288856867783368     
   49.152803110916736       0.36850021708605429     
   52.746948944712891       0.30825356775356616     
   52.060528593524623       0.32335958786890356     
   59.780716371784735       0.37019099593848442     
   50.411831630930962       0.28959771698855669     
   49.292552139869848       0.35299899854713557     
   51.354400189413468       0.33984955151608609     
   49.452883783975793       0.41949540914497407     
   46.304717264414499       0.39947795809378311     
   51.757816122523664       0.41866463326182335     
   55.971826706830122       0.43272102927558392     
   51.540746195039631       0.35480017989852286     
   42.893380831556122       0.43663999142229160     
   42.435861095168868       0.44678811413928793     
   44.904634349390918       0.44514090681251822     
   50.222472102747247       0.37950737588697536     
   45.883701413036427       0.31044270495565657     
   52.524653698862345       0.39397747264915489     
   66.858236317738331       0.48807633656094640     
   51.020939893019978       0.43354451508654263     
   68.874672320257773       0.43265517921753049     
   52.736882067360348       0.55093909958482401     
   52.466763849141870       0.43442264876314746     
   48.337151294845945       0.42734461872452206     
   52.670723810872765       0.31286749657793611     
   46.530070885491341       0.31488955064025176     
   46.070029320361471       0.29289443135795590     
   56.271376443765476       0.20829900292132791     
   53.198285734804202       0.23820251795282385     
   47.899080281346436       0.23106973531395705     
   49.837368641239365       0.28848534426047456     
   55.884835273552248       0.23801048337809089     
   52.140504723735582       0.35675811464022589     
   63.423835663948012       0.40448837272593408     
   51.453697009986911       0.44399389569734238     
   44.655085824352454       0.43431790599365949     
   53.881815781787751       0.55970948132420739     
   57.097497979018243       0.64322551515111315     
   49.770066759754485       0.76196285432463351     
   47.442817483888845       0.86622643828879431     
   42.705363884316981        1.0146931786832716     
   55.611179015977640       0.99061406580367983     
   49.751840171160161       0.94087084872000759     
   47.085138707745628       0.96012644141669445     
   46.878456006004150       0.92739456036359713     
   43.775957187613926       0.79661639564080000     
   47.999278338627164       0.72968861181367017     
   62.426119821428102        1.0474664235618225     
   59.225308120336642        1.0726294189985042     
   42.553731602602554       0.87790864947213465     
   50.739511556603965        1.0388641030505683     
   44.615341225216376       0.73749161538490338     
   50.179436017796867       0.54828948412798617     
   56.207972726864888       0.48949067874535374     
   42.586510301762466       0.54263418161388299     
   54.341198417512125       0.59881728054178662     
   45.726311084169922       0.48048373602694489     
   40.905364377451576       0.39178113698424361     
   46.775953961503845       0.46272549303735372     
   49.808150681288993       0.39090486072060798     
   44.210194608164450       0.42980747069642944     
   45.127819746190958       0.49013076354829510     
   50.924824941839809       0.60171072634967548     
   43.653094796429087       0.73964129777451770     
   61.928979550622472       0.92169317015356056     
   52.149088106425438       0.78443248754776884     
   51.681971180079579       0.77880340104605394     
   55.033187127257015       0.63450856844666004     
   53.025701036390892       0.56963066777901761     
   36.276401009948465       0.38812906041935746     
   53.943910910763655       0.41293064563498044     
   43.036790581973627       0.43463445694314828     
   53.957003618341545       0.42508055151539947     
   55.020475026917978       0.32009972988263735     
   45.688527951019275       0.23114018101109959     
   53.511484654228830       0.21727275966245307     
   53.688781897800766       0.31050925303346022     
   43.982907956261712       0.36349086534886460     
   40.499358004183769       0.30212865243920850     
   46.437162035691628       0.28841191226032892     
   49.584074050926922       0.31475951275886255     
   46.626372261434113       0.31189222860016252     
   43.925199088390649       0.27028893539443105     
   46.937180619574605       0.31279144154017080     
   38.100181433197555       0.32246936441285151     
   45.503267758366498       0.31064622252542901     
   53.934450365105754       0.37422615695972544     
   49.443068951112778       0.31364917933035452     
   51.659708745948031       0.33431913849254918     
   42.379588199034615       0.31716870501673428     
   56.889623969696366       0.37974401336077124     
   52.947202386482147       0.30279245731238918     
   44.363567051861764       0.38319055609326186     
   47.597800454730503       0.31728013691930296     
   43.177849794153310       0.32469925027793095     
   55.251814273021495       0.28688393378807903     
   48.944590901559572       0.29574405361425959     
   58.145546916746582       0.32765250904590210     
   49.389829573002118       0.27793589679506669     
   47.407105334421971       0.28200086412043451     
   54.987919118882395       0.30984309941409011     
